    0.00     0.00     0.00    70.12    70.46    63.74    59.59    57.14    54.65    50.90    45.85    39.41    31.67    22.71    12.38
    0.00     0.00     0.00     0.00     0.00   120.92   113.46   110.32   106.55    99.11    89.08    76.12    60.55    42.79    22.81
    0.00     0.00     0.00     0.00     0.00   158.48   159.02   160.12   158.14   145.90   131.23   111.44    87.64    61.09    32.05
   70.12     0.00     0.00     0.00     0.00     0.00     0.00     0.00     0.00   191.11   174.52   146.76   113.47    77.87    40.32
   70.47     0.00     0.00     0.00     0.00     0.00     0.00     0.00     0.00     0.00     0.00   183.60   137.63    92.60    47.36
   63.76   120.94   158.50     0.00     0.00     0.00     0.00     0.00     0.00     0.00     0.00     0.00   156.84   103.55    52.53
   59.61   113.50   159.05     0.00     0.00     0.00     0.00     0.00     0.00     0.00     0.00     0.00   161.18   108.22    55.20
   57.20   110.41   160.20     0.00     0.00     0.00     0.00     0.00     0.00     0.00     0.00     0.00   159.66   108.97    56.05
   54.77   106.75   158.33     0.00     0.00     0.00     0.00     0.00     0.00     0.00     0.00     0.00   155.51   107.92    56.05
   51.12    99.50   146.36   191.45     0.00     0.00     0.00     0.00     0.00     0.00     0.00     0.00   150.44   107.15    56.24
   46.20    89.76   132.18   175.45     0.00     0.00     0.00     0.00     0.00     0.00     0.00     0.00   146.11   110.00    57.74
   39.91    77.17   113.14   149.16   186.24     0.00     0.00     0.00     0.00     0.00     0.00     0.00     0.00     0.00    60.73
   32.26    61.88    90.07   117.80   145.79   174.54     0.00     0.00     0.00     0.00     0.00     0.00     0.00     0.00    56.18
   23.25    44.03    63.44    82.18   100.58   118.39   134.02   137.45   141.24     0.00     0.00     0.00     0.00     0.00     0.00
   12.70    23.55    33.47    42.91    51.97    60.40    67.24    70.55    73.50    78.20    74.32    71.08     0.00     0.00     0.00
