    0.00     0.00     0.00    70.12    70.46    63.74    59.59    57.14    54.65    50.90    45.85    39.41    31.67    22.71    12.38
    0.00     0.00     0.00     0.00     0.00   120.92   113.46   110.32   106.55    99.11    89.08    76.12    60.55    42.79    22.81
    0.00     0.00     0.00     0.00     0.00   158.48   159.02   160.12   158.14   145.90   131.23   111.44    87.64    61.09    32.05
   70.08     0.00     0.00     0.00     0.00     0.00     0.00     0.00     0.00   191.11   174.52   146.76   113.47    77.87    40.32
   70.31     0.00     0.00     0.00     0.00     0.00     0.00     0.00     0.00     0.00     0.00   183.60   137.63    92.60    47.36
   63.17   120.06   157.76     0.00     0.00     0.00     0.00     0.00     0.00     0.00     0.00     0.00   156.84   103.55    52.53
   58.32   111.30   156.97     0.00     0.00     0.00     0.00     0.00     0.00     0.00     0.00     0.00   161.18   108.22    55.20
   54.79   105.87   154.83     0.00     0.00     0.00     0.00     0.00     0.00     0.00     0.00     0.00   159.66   108.97    56.05
   50.98    98.54   143.49   186.32     0.00     0.00     0.00     0.00     0.00     0.00     0.00     0.00   155.51   107.92    56.05
   46.60    89.83   130.25   167.80   200.50     0.00     0.00     0.00     0.00     0.00     0.00     0.00   150.44   107.15    56.24
   41.58    79.95   115.87   150.13   184.19     0.00     0.00     0.00     0.00     0.00     0.00     0.00   146.11   110.00    57.74
   35.77    68.51    99.15   128.66   158.14   188.58     0.00     0.00     0.00     0.00     0.00     0.00     0.00     0.00    60.73
   28.99    55.16    79.56   103.21   127.14   152.16   177.71     0.00     0.00     0.00     0.00     0.00     0.00     0.00    56.18
   21.04    39.57    56.73    73.50    91.04   111.23   138.67     0.00     0.00     0.00     0.00     0.00     0.00     0.00     0.00
   11.60    21.36    30.28    39.01    48.28    59.06    72.74    89.22    91.12    95.28     0.00     0.00     0.00     0.00     0.00
