    0.00     0.00     0.00    70.12    70.46    63.74    59.59    57.14    54.65    50.90    45.85    39.41    31.67    22.71    12.38
    0.00     0.00     0.00     0.00     0.00   120.92   113.46   110.32   106.55    99.11    89.08    76.12    60.55    42.79    22.81
    0.00     0.00     0.00     0.00     0.00   158.48   159.02   160.12   158.14   145.90   131.23   111.44    87.64    61.09    32.05
   61.75   105.31     0.00     0.00     0.00     0.00     0.00     0.00     0.00   191.11   174.52   146.76   113.47    77.87    40.32
   56.71   107.49     0.00     0.00     0.00     0.00     0.00     0.00     0.00     0.00     0.00   183.60   137.63    92.60    47.36
   53.59   102.93   149.25     0.00     0.00     0.00     0.00     0.00     0.00     0.00     0.00     0.00   156.84   103.55    52.53
   50.72    97.40   140.05   177.50     0.00     0.00     0.00     0.00     0.00     0.00     0.00     0.00   161.18   108.22    55.20
   47.88    91.89   132.06   167.96   198.64     0.00     0.00     0.00     0.00     0.00     0.00     0.00   159.66   108.97    56.05
   44.92    86.24   124.34   159.62   192.61     0.00     0.00     0.00     0.00     0.00     0.00     0.00   155.51   107.92    56.05
   41.56    79.79   115.44   149.56   184.20     0.00     0.00     0.00     0.00     0.00     0.00     0.00   150.44   107.15    56.24
   37.53    71.93   104.09   134.98   165.61   196.20     0.00     0.00     0.00     0.00     0.00     0.00   146.11   110.00    57.74
   32.64    62.30    89.99   116.66   143.06   169.18   192.77     0.00     0.00     0.00     0.00     0.00     0.00     0.00    60.73
   26.71    50.65    72.93    94.61   116.79   140.71   167.89     0.00     0.00     0.00     0.00     0.00     0.00     0.00    56.18
   19.56    36.65    52.46    68.07    84.79   104.95   134.10     0.00     0.00     0.00     0.00     0.00     0.00     0.00     0.00
   10.87    19.93    28.20    36.40    45.35    56.21    70.55    87.90    88.04    84.28    84.07     0.00     0.00     0.00     0.00
